-0.0015265555
0.0012792114
0.00094279606
0.00017542909
0.00019897652
-0.00024397697
0.00044700495
0.00039843246
0.0011365184
-0.000034396086
0.000571569
0.00042460437
-0.000078154015
0.0012627407
0.0014161702
0.0014698684
0.0010867239
0.000981344
0.0010737943
-0.00014002742
0.00025172706
0.0024782496
0.0015021182
0.00016003287
0.000209456
-0.00057880697
0.0028606167
-0.00059747824
-0.00056857633
0.0022997463
0.003393721
-0.00021348409
0.0026965584
0.0013795919
0.000035059235
0.00018312961
0.0013362811
0.00003581102
-0.00005817727
-0.0001662277
0.0024016614
0.0019984313
0.000019818865
0.00088018435
-0.00061620236
0.0014226048
-0.00007318233
-0.00051275623
-0.0007592952
0.0004942569
-0.001245597
-0.0012697865
0.0014513393
0.0018424141
-0.00069480186
0.0006477465
0.00053018256
0.0016572281
0.0016139871
-0.0017568747
0.0019179642
0.001064863
-0.00039259493
-0.0007981238
-0.0005224452
0.00028625698
-0.0005257668
-0.0007231203
0.0008219524
-0.0010646741
-0.00047404564
-0.0008525911
0.0017267271
0.00016663634
-0.00081820326
0.0005370734
0.0016726534
-0.00045273956
0.00023309642
0.00024924407
-0.0002191436
0.00038875535
-0.000099950696
0.0008402167
0.0016511228
0.0011472568
-0.0008165587
0.0009517137
0.000999854
0.0019254349
0.0007029179
0.0005811373
0.0008412157
-0.00038475922
0.0018725251
0.0011594777
0.0009319262
-0.0012598988
-0.00026753172
0.002140004
